0.80605 500 12 20 30 3 3 14
0.050 0 0 0 0 0 0 0 0
0.050 0 0 0 0 0 0 0 0
0.050 0 0 0 0 0 0 0 0
0.050 0 0 0 0 0 0 0 0
0.050 0 0 0 0 0 0 0 0
0.050 0 0 0 0 0 0 0 0
0.050 0 0 0 0 0 0 0 0
0.050 0 0 0 0 0 0 0 0
0.050 0 0 0 0 0 0 0 0
0.050 0 0 0 0 0 0 0 0
0.914 1 1 0 0 0 0 0 0
0.877 1 1 0 0 0 0 0 0
0.854 1 1 0 0 0 0 0 0
0.002 1 1 0 0 0 0 0 0
0.081 1 1 0 0 0 0 0 0
0.091 1 1 0 0 0 0 0 0
0.061 1 1 0 0 0 0 0 0
0.073 1 1 0 0 0 0 0 0
0.904 1 1 0 0 0 0 0 0
0.944 1 1 0 0 0 0 0 0
0.932 1 1 0 0 0 0 0 0
0.000 1 1 0 0 0 0 0 0
0.086 1 1 0 0 0 0 0 0
0.003 1 1 0 0 0 0 0 0
0.073 1 1 0 0 0 0 0 0
0.018 1 1 0 0 0 0 0 0
0.936 1 1 0 0 0 0 0 0
0.904 1 1 0 0 0 0 0 0
0.880 1 1 0 0 0 0 0 0
0.042 2 1 1 0 0 0 0 0
0.003 2 1 0 0 0 0 0 0
0.012 2 1 0 0 0 0 0 0
0.067 2 1 0 0 0 0 0 0
0.065 2 1 0 0 0 0 0 0
0.912 2 1 0 0 0 0 0 0
0.888 2 1 0 0 0 0 0 0
0.950 2 1 0 0 0 0 0 0
0.098 2 1 0 0 0 0 0 0
0.069 2 1 0 0 0 0 0 0
0.065 2 1 0 0 0 0 0 0
0.069 2 1 0 0 0 0 0 0
0.039 2 1 0 0 0 0 0 0
0.864 2 1 0 0 0 0 0 0
0.922 2 1 0 0 0 0 0 0
0.903 2 1 0 0 0 0 0 0
0.031 2 1 0 0 0 0 0 0
0.049 2 1 0 0 0 0 0 0
0.089 2 1 0 0 0 0 0 0
0.093 2 1 0 0 0 0 0 0
0.036 2 1 0 0 0 0 0 0
0.907 2 1 0 0 0 0 0 0
0.882 2 1 0 0 0 0 0 0
0.909 2 1 0 0 0 0 0 0
0.034 2 1 0 0 0 0 0 0
0.039 2 1 0 0 0 0 0 0
0.089 2 1 0 0 0 0 0 0
0.023 2 1 0 0 0 0 0 0
0.062 2 1 0 0 0 0 0 0
0.858 2 1 0 0 0 0 0 0
0.933 2 1 0 0 0 0 0 0
0.929 2 1 0 0 0 0 0 0
0.024 2 1 0 0 0 0 0 0
0.088 2 1 0 0 0 0 0 0
0.006 2 1 0 0 0 0 0 0
0.034 2 1 0 0 0 0 0 0
0.015 2 1 0 0 0 0 0 0
0.895 2 1 0 0 0 0 0 0
0.930 2 1 0 0 0 0 0 0
0.873 2 1 0 0 0 0 0 0
0.005 2 1 0 0 0 0 0 0
0.040 2 1 0 0 0 0 0 0
0.020 2 1 0 0 0 0 0 0
0.009 2 1 0 0 0 0 0 0
0.058 2 1 0 0 0 0 0 0
0.050 2 1 0 0 0 0 0 0
0.050 2 1 0 0 0 0 0 0
0.050 2 1 0 0 0 0 0 0
0.050 2 1 0 0 0 0 0 0
0.050 2 1 0 0 0 0 0 0
0.050 2 1 0 0 0 0 0 0
0.050 2 1 0 0 0 0 0 0
0.050 2 0 0 0 0 0 0 0
0.050 2 0 0 0 0 0 0 0
0.050 2 0 0 0 0 0 0 0
0.050 2 0 0 0 0 0 0 0
0.050 2 0 0 0 0 0 0 0
0.050 2 0 0 0 0 0 0 0
0.050 2 0 0 0 0 0 0 0
0.050 2 0 0 0 0 0 0 0
0.050 2 0 0 0 0 0 0 0
0.050 2 0 0 0 0 0 0 0
0.050 2 0 0 0 0 0 0 0
0.050 2 0 0 0 0 0 0 0
0.050 2 0 0 0 0 0 0 0
0.050 2 0 0 0 0 0 0 0
0.050 2 0 0 0 0 0 0 0
0.050 2 0 0 0 0 0 0 0
0.050 2 0 0 0 0 0 0 0
0.050 2 0 0 0 0 0 0 0
0.050 2 0 0 0 0 0 0 0
0.050 2 0 0 0 0 0 0 0
0.050 2 0 0 0 0 0 0 0
0.050 2 0 0 0 0 0 0 0
0.050 2 0 0 0 0 0 0 0
0.050 2 0 0 0 0 0 0 0
0.050 2 0 0 0 0 0 0 0
0.050 2 0 0 0 0 0 0 0
0.050 2 0 0 0 0 0 0 0
0.050 2 0 0 0 0 0 0 0
0.050 2 0 0 0 0 0 0 0
0.050 0 0 2 30.000 0.904167 8 24 -39.2577
0.050 0 0 0 0 0 0 0 0
0.050 0 0 0 0 0 0 0 0
0.050 0 0 0 0 0 0 0 0
0.050 0 0 0 0 0 0 0 0
0.050 0 0 0 0 0 0 0 0
0.050 0 0 0 0 0 0 0 0
0.050 0 0 0 0 0 0 0 0
0.050 0 0 0 0 0 0 0 0
0.050 0 0 0 0 0 0 0 0
0.050 0 0 0 0 0 0 0 0
0.050 0 0 0 0 0 0 0 0
0.050 0 0 0 0 0 0 0 0
0.050 0 0 0 0 0 0 0 0
0.050 0 0 0 0 0 0 0 0
0.050 0 0 0 0 0 0 0 0
0.050 0 0 0 0 0 0 0 0
0.050 0 0 0 0 0 0 0 0
0.050 0 0 0 0 0 0 0 0
0.050 0 0 0 0 0 0 0 0
0.050 0 0 0 0 0 0 0 0
0.050 0 0 0 0 0 0 0 0
0.050 0 0 0 0 0 0 0 0
0.050 0 0 0 0 0 0 0 0
0.920 1 1 0 0 0 0 0 0
0.920 1 1 0 0 0 0 0 0
0.920 1 1 0 0 0 0 0 0
0.920 1 1 0 0 0 0 0 0
0.920 1 1 0 0 0 0 0 0
0.920 1 1 0 0 0 0 0 0
0.920 1 1 0 0 0 0 0 0
0.920 1 1 0 0 0 0 0 0
0.920 1 1 0 0 0 0 0 0
0.920 1 1 0 0 0 0 0 0
0.920 1 1 0 0 0 0 0 0
0.920 1 1 0 0 0 0 0 0
0.920 1 1 0 0 0 0 0 0
0.920 1 1 0 0 0 0 0 0
0.920 1 1 0 0 0 0 0 0
0.920 1 1 0 0 0 0 0 0
0.920 1 1 0 0 0 0 0 0
0.920 1 1 0 0 0 0 0 0
0.920 1 1 0 0 0 0 0 0
0.920 1 1 0 0 0 0 0 0
0.920 1 1 0 0 0 0 0 0
0.920 1 1 0 0 0 0 0 0
0.920 1 1 0 0 0 0 0 0
0.920 1 1 0 0 0 0 0 0
0.920 1 1 0 0 0 0 0 0
0.920 1 1 0 0 0 0 0 0
0.920 1 1 0 0 0 0 0 0
0.920 1 1 0 0 0 0 0 0
0.920 1 1 0 0 0 0 0 0
0.920 1 1 0 0 0 0 0 0
0.920 1 1 0 0 0 0 0 0
0.920 1 1 0 0 0 0 0 0
0.920 1 1 0 0 0 0 0 0
0.920 1 1 0 0 0 0 0 0
0.920 1 1 0 0 0 0 0 0
0.920 1 1 0 0 0 0 0 0
0.920 1 1 0 0 0 0 0 0
0.920 1 1 0 0 0 0 0 0
0.920 1 1 0 0 0 0 0 0
0.920 1 1 0 0 0 0 0 0
0.050 1 1 0 0 0 0 0 0
0.050 1 1 0 0 0 0 0 0
0.050 1 1 0 0 0 0 0 0
0.050 1 1 0 0 0 0 0 0
0.050 1 1 0 0 0 0 0 0
0.050 1 1 0 0 0 0 0 0
0.050 1 1 0 0 0 0 0 0
0.050 1 1 0 0 0 0 0 0
0.050 1 1 0 0 0 0 0 0
0.050 1 1 0 0 0 0 0 0
0.050 1 1 0 0 0 0 0 0
0.050 1 1 0 0 0 0 0 0
0.050 1 0 0 0 0 0 0 0
0.050 1 0 0 0 0 0 0 0
0.050 1 0 0 0 0 0 0 0
0.050 1 0 0 0 0 0 0 0
0.050 1 0 0 0 0 0 0 0
0.050 1 0 0 0 0 0 0 0
0.050 1 0 0 0 0 0 0 0
0.050 1 0 0 0 0 0 0 0
0.050 1 0 0 0 0 0 0 0
0.050 1 0 0 0 0 0 0 0
0.050 1 0 0 0 0 0 0 0
0.050 1 0 0 0 0 0 0 0
0.050 1 0 0 0 0 0 0 0
0.050 1 0 0 0 0 0 0 0
0.050 1 0 0 0 0 0 0 0
0.050 1 0 0 0 0 0 0 0
0.050 1 0 0 0 0 0 0 0
0.050 1 0 0 0 0 0 0 0
0.050 1 0 0 0 0 0 0 0
0.050 1 0 0 0 0 0 0 0
0.050 1 0 0 0 0 0 0 0
0.050 1 0 0 0 0 0 0 0
0.050 1 0 0 0 0 0 0 0
0.050 1 0 0 0 0 0 0 0
0.050 1 0 0 0 0 0 0 0
0.050 1 0 0 0 0 0 0 0
0.050 1 0 0 0 0 0 0 0
0.050 1 0 0 0 0 0 0 0
0.050 1 0 0 0 0 0 0 0
0.050 1 0 0 0 0 0 0 0
0.050 1 0 0 0 0 0 0 0
0.050 1 0 0 0 0 0 0 0
0.050 1 0 0 0 0 0 0 0
0.050 1 0 0 0 0 0 0 0
0.050 1 0 0 0 0 0 0 0
0.050 1 0 0 0 0 0 0 0
0.050 1 0 0 0 0 0 0 0
0.050 1 0 0 0 0 0 0 0
0.050 1 0 0 0 0 0 0 0
0.050 1 0 0 0 0 0 0 0
0.050 1 0 0 0 0 0 0 0
0.050 1 0 0 0 0 0 0 0
0.050 1 0 0 0 0 0 0 0
0.050 1 0 0 0 0 0 0 0
0.050 1 0 0 0 0 0 0 0
0.050 1 0 0 0 0 0 0 0
0.050 1 0 0 0 0 0 0 0
0.050 1 0 0 0 0 0 0 0
0.050 1 0 0 0 0 0 0 0
0.050 1 0 0 0 0 0 0 0
0.050 1 0 0 0 0 0 0 0
0.050 1 0 0 0 0 0 0 0
0.050 1 0 0 0 0 0 0 0
0.050 1 0 0 0 0 0 0 0
0.050 1 0 0 0 0 0 0 0
0.050 1 0 0 0 0 0 0 0
0.050 1 0 0 0 0 0 0 0
0.050 1 0 0 0 0 0 0 0
0.050 1 0 0 0 0 0 0 0
0.050 1 0 0 0 0 0 0 0
0.050 1 0 0 0 0 0 0 0
0.050 1 0 0 0 0 0 0 0
0.050 1 0 0 0 0 0 0 0
0.050 1 0 0 0 0 0 0 0
0.050 1 0 0 0 0 0 0 0
0.050 1 0 0 0 0 0 0 0
0.050 1 0 0 0 0 0 0 0
0.050 1 0 0 0 0 0 0 0
0.050 1 0 0 0 0 0 0 0
0.050 1 0 0 0 0 0 0 0
0.050 1 0 0 0 0 0 0 0
0.050 1 0 0 0 0 0 0 0
0.050 1 0 0 0 0 0 0 0
0.050 1 0 0 0 0 0 0 0
0.050 1 0 0 0 0 0 0 0
0.050 1 0 0 0 0 0 0 0
0.050 1 0 0 0 0 0 0 0
0.050 1 0 0 0 0 0 0 0
0.050 1 0 0 0 0 0 0 0
0.050 0 0 0 0 0 0 0 0
0.050 0 0 0 0 0 0 0 0
0.050 0 0 0 0 0 0 0 0
0.050 0 0 0 0 0 0 0 0
0.050 0 0 0 0 0 0 0 0
0.050 0 0 0 0 0 0 0 0
0.050 0 0 0 0 0 0 0 0
0.050 0 0 0 0 0 0 0 0
0.050 0 0 0 0 0 0 0 0
0.880 1 1 0 0 0 0 0 0
0.917 1 1 0 0 0 0 0 0
0.020 1 1 0 0 0 0 0 0
0.094 1 1 0 0 0 0 0 0
0.037 1 1 0 0 0 0 0 0
0.011 1 1 0 0 0 0 0 0
0.063 1 1 0 0 0 0 0 0
0.093 1 1 0 0 0 0 0 0
0.894 1 1 0 0 0 0 0 0
0.945 1 1 0 0 0 0 0 0
0.050 1 1 0 0 0 0 0 0
0.043 1 1 0 0 0 0 0 0
0.062 1 1 0 0 0 0 0 0
0.100 1 1 0 0 0 0 0 0
0.095 1 1 0 0 0 0 0 0
0.046 1 1 0 0 0 0 0 0
0.926 1 1 0 0 0 0 0 0
0.900 1 1 0 0 0 0 0 0
0.053 1 1 0 0 0 0 0 0
0.079 2 1 1 0 0 0 0 0
0.041 2 1 0 0 0 0 0 0
0.073 2 1 0 0 0 0 0 0
0.071 2 1 0 0 0 0 0 0
0.093 2 1 0 0 0 0 0 0
0.861 2 1 0 0 0 0 0 0
0.923 2 1 0 0 0 0 0 0
0.093 2 1 0 0 0 0 0 0
0.097 2 1 0 0 0 0 0 0
0.001 2 1 0 0 0 0 0 0
0.086 2 1 0 0 0 0 0 0
0.098 2 1 0 0 0 0 0 0
0.096 2 1 0 0 0 0 0 0
0.865 2 1 0 0 0 0 0 0
0.947 2 1 0 0 0 0 0 0
0.089 2 1 0 0 0 0 0 0
0.082 2 1 0 0 0 0 0 0
0.048 2 1 0 0 0 0 0 0
0.023 2 1 0 0 0 0 0 0
0.080 2 1 0 0 0 0 0 0
0.092 2 1 0 0 0 0 0 0
0.877 2 1 0 0 0 0 0 0
0.904 2 1 0 0 0 0 0 0
0.044 2 1 0 0 0 0 0 0
0.093 2 1 0 0 0 0 0 0
0.004 2 1 0 0 0 0 0 0
0.073 2 1 0 0 0 0 0 0
0.061 2 1 0 0 0 0 0 0
0.003 2 1 0 0 0 0 0 0
0.300 2 1 0 0 0 0 0 0
0.300 2 1 0 0 0 0 0 0
0.300 2 1 0 0 0 0 0 0
0.300 2 1 0 0 0 0 0 0
0.300 2 1 0 0 0 0 0 0
0.300 2 1 0 0 0 0 0 0
0.300 2 0 0 0 0 0 0 0
0.300 2 0 0 0 0 0 0 0
0.300 2 0 0 0 0 0 0 0
0.300 2 0 0 0 0 0 0 0
0.300 2 0 0 0 0 0 0 0
0.300 2 0 0 0 0 0 0 0
0.300 2 0 0 0 0 0 0 0
0.300 2 0 0 0 0 0 0 0
0.300 2 0 0 0 0 0 0 0
0.300 2 0 0 0 0 0 0 0
0.300 2 0 0 0 0 0 0 0
0.300 2 0 0 0 0 0 0 0
0.300 2 0 0 0 0 0 0 0
0.300 2 0 0 0 0 0 0 0
0.719 2 0 0 0 0 0 0 0
0.016 2 0 0 0 0 0 0 0
0.758 2 0 0 0 0 0 0 0
0.513 2 0 0 0 0 0 0 0
0.929 2 1 0 0 0 0 0 0
0.066 2 1 0 0 0 0 0 0
0.841 2 1 0 0 0 0 0 0
0.067 2 1 0 0 0 0 0 0
0.344 2 1 0 0 0 0 0 0
0.430 2 1 0 0 0 0 0 0
0.966 2 1 0 0 0 0 0 0
0.562 2 1 0 0 0 0 0 0
0.259 2 1 0 0 0 0 0 0
0.242 2 1 0 0 0 0 0 0
0.888 2 1 0 0 0 0 0 0
0.226 2 1 0 0 0 0 0 0
0.125 2 1 0 0 0 0 0 0
0.288 2 1 0 0 0 0 0 0
0.586 2 1 0 0 0 0 0 0
0.554 2 1 0 0 0 0 0 0
0.810 2 1 0 0 0 0 0 0
0.560 2 1 0 0 0 0 0 0
0.288 2 1 0 0 0 0 0 0
0.413 2 1 0 0 0 0 0 0
0.818 2 1 0 0 0 0 0 0
0.627 2 1 0 0 0 0 0 0
0.959 2 1 0 0 0 0 0 0
0.369 2 1 0 0 0 0 0 0
0.553 2 1 0 0 0 0 0 0
0.594 2 1 0 0 0 0 0 0
0.848 2 1 0 0 0 0 0 0
0.145 2 1 0 0 0 0 0 0
0.407 2 1 0 0 0 0 0 0
0.910 2 1 0 0 0 0 0 0
0.043 2 1 0 0 0 0 0 0
0.823 2 1 0 0 0 0 0 0
0.415 2 1 0 0 0 0 0 0
0.830 2 1 0 0 0 0 0 0
0.010 2 1 0 0 0 0 0 0
0.365 2 1 0 0 0 0 0 0
0.079 2 1 0 0 0 0 0 0
0.653 2 1 0 0 0 0 0 0
0.274 2 1 0 0 0 0 0 0
0.703 2 1 0 0 0 0 0 0
0.944 2 1 0 0 0 0 0 0
0.127 2 1 0 0 0 0 0 0
0.865 2 1 0 0 0 0 0 0
0.059 2 1 0 0 0 0 0 0
0.381 2 1 0 0 0 0 0 0
0.430 2 1 0 0 0 0 0 0
0.489 2 1 0 0 0 0 0 0
0.976 2 1 0 0 0 0 0 0
0.776 2 1 0 0 0 0 0 0
0.309 2 1 0 0 0 0 0 0
0.270 2 1 0 0 0 0 0 0
0.863 2 1 0 0 0 0 0 0
0.881 2 1 0 0 0 0 0 0
0.511 2 1 0 0 0 0 0 0
0.344 2 1 0 0 0 0 0 0
0.995 2 1 0 0 0 0 0 0
0.316 2 1 0 0 0 0 0 0
0.183 2 1 0 0 0 0 0 0
0.880 2 1 0 0 0 0 0 0
0.812 2 1 0 0 0 0 0 0
0.668 2 1 0 0 0 0 0 0
0.958 2 1 0 0 0 0 0 0
0.926 2 1 0 0 0 0 0 0
0.748 2 1 0 0 0 0 0 0
0.861 2 1 0 0 0 0 0 0
0.247 2 1 0 0 0 0 0 0
0.141 2 1 0 0 0 0 0 0
0.670 2 1 0 0 0 0 0 0
0.715 2 1 0 0 0 0 0 0
0.167 2 1 0 0 0 0 0 0
0.396 2 1 0 0 0 0 0 0
0.910 2 1 0 0 0 0 0 0
0.561 2 1 0 0 0 0 0 0
0.578 2 1 0 0 0 0 0 0
0.194 2 1 0 0 0 0 0 0
0.526 2 1 0 0 0 0 0 0
0.523 2 1 0 0 0 0 0 0
0.089 2 1 0 0 0 0 0 0
0.982 2 1 0 0 0 0 0 0
0.571 2 1 0 0 0 0 0 0
0.006 2 1 0 0 0 0 0 0
0.773 2 1 0 0 0 0 0 0
0.978 2 1 0 0 0 0 0 0
0.590 2 1 0 0 0 0 0 0
0.320 2 1 0 0 0 0 0 0
0.188 2 1 0 0 0 0 0 0
0.673 2 1 0 0 0 0 0 0
0.195 2 1 0 0 0 0 0 0
0.578 2 1 0 0 0 0 0 0
0.602 2 1 0 0 0 0 0 0
0.962 2 1 0 0 0 0 0 0
0.072 2 1 0 0 0 0 0 0
0.500 2 1 0 0 0 0 0 0
0.744 2 1 0 0 0 0 0 0
0.177 2 1 0 0 0 0 0 0
0.388 2 1 0 0 0 0 0 0
0.063 2 1 0 0 0 0 0 0
0.726 2 1 0 0 0 0 0 0
0.088 2 1 0 0 0 0 0 0
0.395 2 1 0 0 0 0 0 0
0.874 2 1 0 0 0 0 0 0
0.472 2 1 0 0 0 0 0 0
0.913 2 1 0 0 0 0 0 0
0.766 2 1 0 0 0 0 0 0
0.915 2 1 0 0 0 0 0 0
0.127 2 1 0 0 0 0 0 0
0.074 2 1 0 0 0 0 0 0
0.070 2 1 0 0 0 0 0 0
0.869 2 1 0 0 0 0 0 0
0.634 2 1 0 0 0 0 0 0
0.497 2 1 0 0 0 0 0 0
0.164 2 1 0 0 0 0 0 0
0.674 2 1 0 0 0 0 0 0
0.318 2 1 0 0 0 0 0 0
0.711 2 1 0 0 0 0 0 0
0.460 2 1 0 0 0 0 0 0
0.507 2 1 0 0 0 0 0 0
0.790 2 1 0 0 0 0 0 0
0.093 2 1 0 0 0 0 0 0
0.579 2 1 0 0 0 0 0 0
0.197 2 1 0 0 0 0 0 0
0.808 2 1 0 0 0 0 0 0
0.489 2 1 0 0 0 0 0 0
0.989 2 1 0 0 0 0 0 0
0.183 2 1 0 0 0 0 0 0
0.963 2 1 0 0 0 0 0 0
0.801 2 1 0 0 0 0 0 0
0.481 2 1 0 0 0 0 0 0
0.814 2 1 0 0 0 0 0 0
0.603 2 1 0 0 0 0 0 0
0.655 2 1 0 0 0 0 0 0
0.914 2 1 0 0 0 0 0 0
0.065 2 1 0 0 0 0 0 0
0.835 2 1 0 0 0 0 0 0
0.382 2 1 0 0 0 0 0 0
0.326 2 1 0 0 0 0 0 0
0.994 2 1 0 0 0 0 0 0
0.781 2 1 0 0 0 0 0 0
0.486 2 1 0 0 0 0 0 0
0.423 2 1 0 0 0 0 0 0
0.878 2 1 0 0 0 0 0 0
0.087 2 1 0 0 0 0 0 0
0.708 2 1 0 0 0 0 0 0
0.789 2 1 0 0 0 0 0 0
0.799 2 1 0 0 0 0 0 0
0.322 2 1 0 0 0 0 0 0
0.797 2 1 0 0 0 0 0 0
0.225 2 1 0 0 0 0 0 0
0.362 2 1 0 0 0 0 0 0
0.417 2 1 0 0 0 0 0 0
0.541 2 1 0 0 0 0 0 0
0.113 2 1 0 0 0 0 0 0
0.407 2 1 0 0 0 0 0 0
0.000 2 0 0 0 0 0 0 0
0.744 2 0 0 0 0 0 0 0
0.852 2 1 0 0 0 0 0 0
0.139 2 1 0 0 0 0 0 0
0.704 2 1 0 0 0 0 0 0
0.821 2 1 0 0 0 0 0 0
0.982 2 1 0 0 0 0 0 0
0.844 2 1 0 0 0 0 0 0
0.424 2 1 0 0 0 0 0 0
0.980 2 1 0 0 0 0 0 0
0.974 2 1 0 0 0 0 0 0
0.504 2 1 0 0 0 0 0 0
0.753 2 1 0 0 0 0 0 0
0.914 2 1 0 0 0 0 0 0
0.476 2 1 0 0 0 0 0 0
0.864 2 1 0 0 0 0 0 0
0.702 2 1 0 0 0 0 0 0
0.294 2 1 0 0 0 0 0 0
0.768 2 1 0 0 0 0 0 0
0.571 2 1 0 0 0 0 0 0
0.094 2 1 0 0 0 0 0 0
0.391 2 1 0 0 0 0 0 0
0.074 2 1 0 0 0 0 0 0
0.476 2 1 0 0 0 0 0 0
0.429 2 1 0 0 0 0 0 0
0.424 2 1 0 0 0 0 0 0
0.586 2 1 0 0 0 0 0 0
0.123 2 1 0 0 0 0 0 0
0.934 2 1 0 0 0 0 0 0
0.684 2 1 0 0 0 0 0 0
0.824 2 1 0 0 0 0 0 0
0.897 2 1 0 0 0 0 0 0
0.583 2 1 0 0 0 0 0 0
0.040 2 1 0 0 0 0 0 0
0.711 2 1 0 0 0 0 0 0
0.569 2 1 0 0 0 0 0 0
0.826 2 1 0 0 0 0 0 0
0.532 2 1 0 0 0 0 0 0
0.813 2 1 0 0 0 0 0 0
0.997 2 1 0 0 0 0 0 0
0.351 2 1 0 0 0 0 0 0
0.171 2 1 0 0 0 0 0 0
0.392 2 1 0 0 0 0 0 0
0.925 2 1 0 0 0 0 0 0
0.894 2 1 0 0 0 0 0 0
0.909 2 1 0 0 0 0 0 0
0.863 2 1 0 0 0 0 0 0
0.073 2 1 0 0 0 0 0 0
0.028 2 1 0 0 0 0 0 0
0.019 2 1 0 0 0 0 0 0
0.086 2 1 0 0 0 0 0 0
0.906 2 1 0 0 0 0 0 0
0.898 2 1 0 0 0 0 0 0
0.940 2 1 0 0 0 0 0 0
0.859 2 1 0 0 0 0 0 0
0.070 2 1 0 0 0 0 0 0
0.033 2 1 0 0 0 0 0 0
0.018 2 1 0 0 0 0 0 0
0.067 2 1 0 0 0 0 0 0
0.886 2 1 0 0 0 0 0 0
0.883 2 1 0 0 0 0 0 0
0.944 2 1 0 0 0 0 0 0
0.870 2 1 0 0 0 0 0 0
0.051 2 1 0 0 0 0 0 0
0.002 2 1 0 0 0 0 0 0
0.016 2 1 0 0 0 0 0 0
0.088 2 1 0 0 0 0 0 0
0.929 2 1 0 0 0 0 0 0
0.906 2 1 0 0 0 0 0 0
0.872 2 1 0 0 0 0 0 0
0.906 2 1 0 0 0 0 0 0
0.001 2 1 0 0 0 0 0 0
0.071 2 1 0 0 0 0 0 0
0.072 2 1 0 0 0 0 0 0
0.065 2 1 0 0 0 0 0 0
0.911 2 1 0 0 0 0 0 0
0.857 2 1 0 0 0 0 0 0
0.875 2 1 0 0 0 0 0 0
0.907 2 1 0 0 0 0 0 0
0.039 2 1 0 0 0 0 0 0
0.099 2 1 0 0 0 0 0 0
0.092 2 1 0 0 0 0 0 0
0.015 2 1 0 0 0 0 0 0
0.909 2 1 0 0 0 0 0 0
0.920 2 1 0 0 0 0 0 0
0.864 2 1 0 0 0 0 0 0
0.881 2 1 0 0 0 0 0 0
0.072 2 1 0 0 0 0 0 0
0.090 2 1 0 0 0 0 0 0
0.034 2 1 0 0 0 0 0 0
0.024 2 1 0 0 0 0 0 0
0.932 2 1 0 0 0 0 0 0
0.908 2 1 0 0 0 0 0 0
0.898 2 1 0 0 0 0 0 0
0.876 2 1 0 0 0 0 0 0
0.007 2 1 0 0 0 0 0 0
0.002 2 1 0 0 0 0 0 0
0.058 2 1 0 0 0 0 0 0
0.019 2 1 0 0 0 0 0 0
0.948 2 1 0 0 0 0 0 0
0.861 2 1 0 0 0 0 0 0
0.895 2 1 0 0 0 0 0 0
0.889 2 1 0 0 0 0 0 0
0.023 2 1 0 0 0 0 0 0
0.075 2 1 0 0 0 0 0 0
0.064 2 1 0 0 0 0 0 0
0.073 2 1 0 0 0 0 0 0
0.858 2 1 0 0 0 0 0 0
0.885 2 1 0 0 0 0 0 0
0.902 2 1 0 0 0 0 0 0
0.893 2 1 0 0 0 0 0 0
0.004 2 1 0 0 0 0 0 0
0.019 2 1 0 0 0 0 0 0
0.095 2 1 0 0 0 0 0 0
0.016 2 1 0 0 0 0 0 0
0.935 2 1 0 0 0 0 0 0
0.932 2 1 0 0 0 0 0 0
0.889 2 1 0 0 0 0 0 0
0.897 2 1 0 0 0 0 0 0
0.082 2 1 0 0 0 0 0 0
0.068 2 1 0 0 0 0 0 0
0.084 2 1 0 0 0 0 0 0
0.076 2 1 0 0 0 0 0 0
0.020 2 1 0 0 0 0 0 0
0.020 2 1 0 0 0 0 0 0
0.020 2 1 0 0 0 0 0 0
0.020 2 1 0 0 0 0 0 0
0.020 2 1 0 0 0 0 0 0
0.020 2 1 0 0 0 0 0 0
0.020 2 1 0 0 0 0 0 0
0.020 2 1 0 0 0 0 0 0
0.020 2 0 0 0 0 0 0 0
0.020 2 0 0 0 0 0 0 0
0.020 2 0 0 0 0 0 0 0
0.020 2 0 0 0 0 0 0 0
0.020 2 0 0 0 0 0 0 0
0.020 2 0 0 0 0 0 0 0
0.020 2 0 0 0 0 0 0 0
0.020 2 0 0 0 0 0 0 0
0.020 2 0 0 0 0 0 0 0
0.020 2 0 0 0 0 0 0 0
0.020 2 0 0 0 0 0 0 0
0.020 2 0 0 0 0 0 0 0
0.020 2 0 0 0 0 0 0 0
0.020 2 0 0 0 0 0 0 0
0.020 2 0 0 0 0 0 0 0
0.020 2 0 0 0 0 0 0 0
0.020 2 0 0 0 0 0 0 0
0.020 2 0 0 0 0 0 0 0
0.020 2 0 0 0 0 0 0 0
0.020 2 0 0 0 0 0 0 0
0.020 2 0 0 0 0 0 0 0
0.020 2 0 0 0 0 0 0 0
0.020 2 0 0 0 0 0 0 0
0.020 2 0 0 0 0 0 0 0
0.020 2 0 0 0 0 0 0 0
0.020 2 0 0 0 0 0 0 0
0.020 2 0 0 0 0 0 0 0
0.020 2 0 0 0 0 0 0 0
0.020 2 0 0 0 0 0 0 0
0.020 0 0 2 172.500 0.898596 60 104 -39.9865
0.020 0 0 0 0 0 0 0 0
0.020 0 0 0 0 0 0 0 0
0.020 0 0 0 0 0 0 0 0
0.020 0 0 0 0 0 0 0 0
0.020 0 0 0 0 0 0 0 0
0.020 0 0 0 0 0 0 0 0
0.020 0 0 0 0 0 0 0 0
0.020 0 0 0 0 0 0 0 0
0.020 0 0 0 0 0 0 0 0
0.020 0 0 0 0 0 0 0 0
0.020 0 0 0 0 0 0 0 0
0.020 0 0 0 0 0 0 0 0
0.020 0 0 0 0 0 0 0 0
0.020 0 0 0 0 0 0 0 0
0.020 0 0 0 0 0 0 0 0
0.020 0 0 0 0 0 0 0 0
0.020 0 0 0 0 0 0 0 0
0.020 0 0 0 0 0 0 0 0
0.020 0 0 0 0 0 0 0 0
0.020 0 0 0 0 0 0 0 0
0.020 0 0 0 0 0 0 0 0
0.020 0 0 0 0 0 0 0 0
0.020 0 0 0 0 0 0 0 0
0.020 0 0 0 0 0 0 0 0
0.020 0 0 0 0 0 0 0 0
0.020 0 0 0 0 0 0 0 0
0.020 0 0 0 0 0 0 0 0
0.020 0 0 0 0 0 0 0 0
0.020 0 0 0 0 0 0 0 0
0.020 0 0 0 0 0 0 0 0
0.020 0 0 0 0 0 0 0 0
0.020 0 0 0 0 0 0 0 0
0.020 0 0 0 0 0 0 0 0
0.020 0 0 0 0 0 0 0 0
0.020 0 0 0 0 0 0 0 0
0.020 0 0 0 0 0 0 0 0
0.020 0 0 0 0 0 0 0 0
0.020 0 0 0 0 0 0 0 0
0.020 0 0 0 0 0 0 0 0
0.020 0 0 0 0 0 0 0 0
0.020 0 0 0 0 0 0 0 0
0.020 0 0 0 0 0 0 0 0
