0.80605 500 12 51 30 3 3 14
0.050 0 0 0 0 0 0 0 0
0.050 0 0 0 0 0 0 0 0
0.050 0 0 0 0 0 0 0 0
0.050 0 0 0 0 0 0 0 0
0.050 0 0 0 0 0 0 0 0
0.050 0 0 0 0 0 0 0 0
0.050 0 0 0 0 0 0 0 0
0.050 0 0 0 0 0 0 0 0
0.050 0 0 0 0 0 0 0 0
0.050 0 0 0 0 0 0 0 0
0.920 1 1 0 0 0 0 0 0
0.920 1 1 0 0 0 0 0 0
0.920 1 1 0 0 0 0 0 0
0.920 1 1 0 0 0 0 0 0
0.920 1 1 0 0 0 0 0 0
0.920 1 1 0 0 0 0 0 0
0.920 1 1 0 0 0 0 0 0
0.920 1 1 0 0 0 0 0 0
0.920 1 1 0 0 0 0 0 0
0.920 1 1 0 0 0 0 0 0
0.920 1 1 0 0 0 0 0 0
0.920 1 1 0 0 0 0 0 0
0.920 1 1 0 0 0 0 0 0
0.920 1 1 0 0 0 0 0 0
0.920 1 1 0 0 0 0 0 0
0.920 1 1 0 0 0 0 0 0
0.920 1 1 0 0 0 0 0 0
0.920 1 1 0 0 0 0 0 0
0.920 1 1 0 0 0 0 0 0
0.920 1 1 0 0 0 0 0 0
0.920 1 1 0 0 0 0 0 0
0.920 1 1 0 0 0 0 0 0
0.920 1 1 0 0 0 0 0 0
0.920 1 1 0 0 0 0 0 0
0.920 1 1 0 0 0 0 0 0
0.920 1 1 0 0 0 0 0 0
0.920 1 1 0 0 0 0 0 0
0.920 1 1 0 0 0 0 0 0
0.920 1 1 0 0 0 0 0 0
0.920 1 1 0 0 0 0 0 0
0.920 1 1 0 0 0 0 0 0
0.920 1 1 0 0 0 0 0 0
0.920 1 1 0 0 0 0 0 0
0.920 1 1 0 0 0 0 0 0
0.920 1 1 0 0 0 0 0 0
0.920 1 1 0 0 0 0 0 0
0.920 1 1 0 0 0 0 0 0
0.920 1 1 0 0 0 0 0 0
0.920 1 1 0 0 0 0 0 0
0.920 1 1 0 0 0 0 0 0
0.920 1 1 0 0 0 0 0 0
0.920 1 1 0 0 0 0 0 0
0.920 1 1 0 0 0 0 0 0
0.920 1 1 0 0 0 0 0 0
0.920 1 1 0 0 0 0 0 0
0.920 1 1 0 0 0 0 0 0
0.920 1 1 0 0 0 0 0 0
0.920 1 1 0 0 0 0 0 0
0.920 1 1 0 0 0 0 0 0
0.920 1 1 0 0 0 0 0 0
0.920 1 1 0 0 0 0 0 0
0.920 1 1 0 0 0 0 0 0
0.920 1 1 0 0 0 0 0 0
0.920 1 1 0 0 0 0 0 0
0.920 1 1 0 0 0 0 0 0
0.920 1 1 0 0 0 0 0 0
0.920 1 1 0 0 0 0 0 0
0.920 1 1 0 0 0 0 0 0
0.920 1 1 0 0 0 0 0 0
0.920 1 1 0 0 0 0 0 0
0.920 1 1 0 0 0 0 0 0
0.920 1 1 0 0 0 0 0 0
0.920 1 1 0 0 0 0 0 0
0.920 1 1 0 0 0 0 0 0
0.920 1 1 0 0 0 0 0 0
0.920 1 1 0 0 0 0 0 0
0.920 1 1 0 0 0 0 0 0
0.920 1 1 0 0 0 0 0 0
0.920 1 1 0 0 0 0 0 0
0.920 1 1 0 0 0 0 0 0
0.920 1 1 0 0 0 0 0 0
0.920 1 1 0 0 0 0 0 0
0.920 1 1 0 0 0 0 0 0
0.920 1 1 0 0 0 0 0 0
0.920 1 1 0 0 0 0 0 0
0.920 1 1 0 0 0 0 0 0
0.920 1 1 0 0 0 0 0 0
0.920 1 1 0 0 0 0 0 0
0.920 1 1 0 0 0 0 0 0
0.920 1 1 0 0 0 0 0 0
0.920 1 1 0 0 0 0 0 0
0.920 1 1 0 0 0 0 0 0
0.920 1 1 0 0 0 0 0 0
0.920 1 1 0 0 0 0 0 0
0.920 1 1 0 0 0 0 0 0
0.920 1 1 0 0 0 0 0 0
0.920 1 1 0 0 0 0 0 0
0.920 1 1 0 0 0 0 0 0
0.920 1 1 0 0 0 0 0 0
0.920 1 1 0 0 0 0 0 0
0.920 1 1 0 0 0 0 0 0
0.920 1 1 0 0 0 0 0 0
0.920 1 1 0 0 0 0 0 0
0.920 1 1 0 0 0 0 0 0
0.920 1 1 0 0 0 0 0 0
0.920 1 1 0 0 0 0 0 0
0.920 1 1 0 0 0 0 0 0
0.920 1 1 0 0 0 0 0 0
0.920 1 1 0 0 0 0 0 0
0.920 1 1 0 0 0 0 0 0
0.050 1 1 0 0 0 0 0 0
0.050 1 1 0 0 0 0 0 0
0.050 1 1 0 0 0 0 0 0
0.050 1 1 0 0 0 0 0 0
0.050 1 1 0 0 0 0 0 0
0.050 1 1 0 0 0 0 0 0
0.050 1 1 0 0 0 0 0 0
0.050 1 1 0 0 0 0 0 0
0.050 1 1 0 0 0 0 0 0
0.050 1 1 0 0 0 0 0 0
0.050 1 1 0 0 0 0 0 0
0.050 1 1 0 0 0 0 0 0
0.050 1 0 0 0 0 0 0 0
0.050 1 0 0 0 0 0 0 0
0.050 1 0 0 0 0 0 0 0
0.050 1 0 0 0 0 0 0 0
0.050 1 0 0 0 0 0 0 0
0.050 1 0 0 0 0 0 0 0
0.050 1 0 0 0 0 0 0 0
0.050 1 0 0 0 0 0 0 0
0.050 1 0 0 0 0 0 0 0
0.050 1 0 0 0 0 0 0 0
0.050 1 0 0 0 0 0 0 0
0.050 1 0 0 0 0 0 0 0
0.050 1 0 0 0 0 0 0 0
0.050 1 0 0 0 0 0 0 0
0.050 1 0 0 0 0 0 0 0
0.050 1 0 0 0 0 0 0 0
0.050 1 0 0 0 0 0 0 0
0.050 1 0 0 0 0 0 0 0
0.900 1 1 0 0 0 0 0 0
0.900 1 1 0 0 0 0 0 0
0.900 1 1 0 0 0 0 0 0
0.050 1 1 0 0 0 0 0 0
0.050 1 1 0 0 0 0 0 0
0.050 1 1 0 0 0 0 0 0
0.050 1 1 0 0 0 0 0 0
0.050 1 1 0 0 0 0 0 0
0.900 1 1 0 0 0 0 0 0
0.900 1 1 0 0 0 0 0 0
0.900 1 1 0 0 0 0 0 0
0.050 1 1 0 0 0 0 0 0
0.050 1 1 0 0 0 0 0 0
0.050 1 1 0 0 0 0 0 0
0.050 1 1 0 0 0 0 0 0
0.050 1 1 0 0 0 0 0 0
0.900 2 1 1 0 0 0 0 0
0.900 2 1 0 0 0 0 0 0
0.900 2 1 0 0 0 0 0 0
0.050 2 1 0 0 0 0 0 0
0.050 2 1 0 0 0 0 0 0
0.050 2 1 0 0 0 0 0 0
0.050 2 1 0 0 0 0 0 0
0.050 2 1 0 0 0 0 0 0
0.900 2 1 0 0 0 0 0 0
0.900 2 1 0 0 0 0 0 0
0.900 2 1 0 0 0 0 0 0
0.050 2 1 0 0 0 0 0 0
0.050 2 1 0 0 0 0 0 0
0.050 2 1 0 0 0 0 0 0
0.050 2 1 0 0 0 0 0 0
0.050 2 1 0 0 0 0 0 0
0.900 2 1 0 0 0 0 0 0
0.900 2 1 0 0 0 0 0 0
0.900 2 1 0 0 0 0 0 0
0.050 2 1 0 0 0 0 0 0
0.050 2 1 0 0 0 0 0 0
0.050 2 1 0 0 0 0 0 0
0.050 2 1 0 0 0 0 0 0
0.050 2 1 0 0 0 0 0 0
0.900 2 1 0 0 0 0 0 0
0.900 2 1 0 0 0 0 0 0
0.900 2 1 0 0 0 0 0 0
0.050 2 1 0 0 0 0 0 0
0.050 2 1 0 0 0 0 0 0
0.050 2 1 0 0 0 0 0 0
0.050 2 1 0 0 0 0 0 0
0.050 2 1 0 0 0 0 0 0
0.900 2 1 0 0 0 0 0 0
0.900 2 1 0 0 0 0 0 0
0.900 2 1 0 0 0 0 0 0
0.050 2 1 0 0 0 0 0 0
0.050 2 1 0 0 0 0 0 0
0.050 2 1 0 0 0 0 0 0
0.050 2 1 0 0 0 0 0 0
0.050 2 1 0 0 0 0 0 0
0.900 2 1 0 0 0 0 0 0
0.900 2 1 0 0 0 0 0 0
0.900 2 1 0 0 0 0 0 0
0.050 2 1 0 0 0 0 0 0
0.050 2 1 0 0 0 0 0 0
0.050 2 1 0 0 0 0 0 0
0.050 2 1 0 0 0 0 0 0
0.050 2 1 0 0 0 0 0 0
0.020 2 1 0 0 0 0 0 0
0.020 2 1 0 0 0 0 0 0
0.020 2 1 0 0 0 0 0 0
0.020 2 1 0 0 0 0 0 0
0.020 2 1 0 0 0 0 0 0
0.020 2 1 0 0 0 0 0 0
0.020 2 1 0 0 0 0 0 0
0.020 2 0 0 0 0 0 0 0
0.020 2 0 0 0 0 0 0 0
0.020 2 0 0 0 0 0 0 0
0.020 2 0 0 0 0 0 0 0
0.020 2 0 0 0 0 0 0 0
0.020 2 0 0 0 0 0 0 0
0.020 2 0 0 0 0 0 0 0
0.020 2 0 0 0 0 0 0 0
0.020 2 0 0 0 0 0 0 0
0.020 2 0 0 0 0 0 0 0
0.020 2 0 0 0 0 0 0 0
0.020 2 0 0 0 0 0 0 0
0.020 2 0 0 0 0 0 0 0
0.020 2 0 0 0 0 0 0 0
0.020 2 0 0 0 0 0 0 0
0.020 2 0 0 0 0 0 0 0
0.020 2 0 0 0 0 0 0 0
0.020 2 0 0 0 0 0 0 0
0.020 2 0 0 0 0 0 0 0
0.020 2 0 0 0 0 0 0 0
0.020 2 0 0 0 0 0 0 0
0.020 2 0 0 0 0 0 0 0
0.020 2 0 0 0 0 0 0 0
0.020 2 0 0 0 0 0 0 0
0.020 2 0 0 0 0 0 0 0
0.020 2 0 0 0 0 0 0 0
0.020 2 0 0 0 0 0 0 0
0.020 2 0 0 0 0 0 0 0
0.020 2 0 0 0 0 0 0 0
0.020 0 0 2 30.000 0.900000 8 24 -39.0500
0.020 0 0 0 0 0 0 0 0
0.020 0 0 0 0 0 0 0 0
0.020 0 0 0 0 0 0 0 0
0.020 0 0 0 0 0 0 0 0
0.020 0 0 0 0 0 0 0 0
0.020 0 0 0 0 0 0 0 0
0.020 0 0 0 0 0 0 0 0
0.020 0 0 0 0 0 0 0 0
0.020 0 0 0 0 0 0 0 0
0.020 0 0 0 0 0 0 0 0
0.020 0 0 0 0 0 0 0 0
0.020 0 0 0 0 0 0 0 0
0.020 0 0 0 0 0 0 0 0
0.020 0 0 0 0 0 0 0 0
0.020 0 0 0 0 0 0 0 0
0.020 0 0 0 0 0 0 0 0
0.020 0 0 0 0 0 0 0 0
0.020 0 0 0 0 0 0 0 0
0.020 0 0 0 0 0 0 0 0
0.020 0 0 0 0 0 0 0 0
0.020 0 0 0 0 0 0 0 0
0.020 0 0 0 0 0 0 0 0
0.020 0 0 0 0 0 0 0 0
0.020 0 0 0 0 0 0 0 0
0.020 0 0 0 0 0 0 0 0
0.020 0 0 0 0 0 0 0 0
0.020 0 0 0 0 0 0 0 0
0.020 0 0 0 0 0 0 0 0
0.020 0 0 0 0 0 0 0 0
0.020 0 0 0 0 0 0 0 0
0.020 0 0 0 0 0 0 0 0
0.020 0 0 0 0 0 0 0 0
0.020 0 0 0 0 0 0 0 0
0.020 0 0 0 0 0 0 0 0
0.020 0 0 0 0 0 0 0 0
0.020 0 0 0 0 0 0 0 0
0.020 0 0 0 0 0 0 0 0
0.020 0 0 0 0 0 0 0 0
0.020 0 0 0 0 0 0 0 0
0.020 0 0 0 0 0 0 0 0
0.020 0 0 0 0 0 0 0 0
0.020 0 0 0 0 0 0 0 0
0.020 0 0 0 0 0 0 0 0
